- name: Home
  latitude: 22.3071146
  longitude: 114.2668613
  radius: 50
  icon: mdi:account-multiple

- name: Work
  latitude: 22.320631
  longitude: 114.210165
  radius: 50
